Rare Normal
0,tcp,http,SF,181,5450,0,0,0,0,0,1,0,0,0,0,0,0,0,0,0,0,8,8,0,0,0,0,1,0,0,9,9,1,0,0.11,0,0,0,0,0

Normal
0,tcp,http,SF,189,2092,0,0,0,0,0,1,0,0,0,0,0,0,0,0,0,0,15,15,0,0,0,0,1,0,0,34,255,1,0,0.03,0.04,0,0,0,0
0,udp,private,SF,105,146,0,0,0,0,0,0,0,0,0,0,0,0,0,0,0,0,1,1,0.00,0.00,0.00,0.00,1.00,0.00,0.00,255,254,1.00,0.01,0.00,0.00,0.00,0.00,0.00,0.00

I (SMURF)
0,icmp,ecr_i,SF,520,0,0,0,0,0,0,0,0,0,0,0,0,0,0,0,0,0,511,511,0,0,0,0,1,0,0,255,255,1,0,1,0,0,0,0,0

RI (LAND)
0,tcp,finger,S0,0,0,1,0,0,0,0,0,0,0,0,0,0,0,0,0,0,0,1,1,1,1,0,0,1,0,0,1,8,1,0,1,0.38,1,0.12,0,0



“LoadModule”
21,tcp,telnet,SF,135,1290,0,0,0,0,0,1,0,0,0,0,0,0,0,0,0,0,1,1,0,0,0,0,1,0,0,6,4,0.67,0.5,0.17,0,0,0,0,0

“Multihop”
0,tcp,ftp_data,SF,0,467968,0,0,0,0,0,0,0,0,0,0,0,0,0,0,0,0,1,1,0,0,0,0,1,0,0,2,2,1,0,1,0,0,0,0,0

“Neptune”
0,tcp,private,S0,0,0,0,0,0,0,0,0,0,0,0,0,0,0,0,0,0,0,138,16,1,1,0,0,0.12,0.06,0,41,16,0.39,0.1,0.02,0,1,1,0,0

“NMap”
0,icmp,eco_i,SF,8,0,0,0,0,0,0,0,0,0,0,0,0,0,0,0,0,0,1,48,0,0,0,0,1,0,1,2,90,1,0,1,0.26,0,0,0,0

“Phf”
12,tcp,http,SF,51,8127,0,0,0,2,0,1,0,1,0,0,0,0,1,0,0,0,1,1,0,0,0,0,1,0,0,255,246,0.96,0.01,0,0,0,0,0,0

“Spy”
299,tcp,telnet,SF,112,847,0,0,0,0,0,0,0,0,0,0,0,0,0,0,0,0,1,1,0,0,0,0,1,0,0,255,48,0.19,0.02,0,0,0.22,0.31,0,0
   
“WarezMaster”
10,tcp,ftp_data,SF,0,5150823,0,0,0,0,0,0,0,0,0,0,0,0,0,0,0,0,1,1,0,0,0,0,1,0,0,7,7,1,0,1,0,0,0,0,0